Cs	Cs_prev	Cs_new
0.0	0.0	0.0
0.0	1.0190000000000002e-10	1.018964071242e-10
0.0	1.293071262228114e-10	1.293025631914e-10
0.0	1.6408570060846007e-10	1.640799041582e-10
0.0	2.0821835524962216e-10	2.082109898858e-10
0.0	2.642209729555356e-10	2.642116106523e-10
0.0	3.352861108996612e-10	3.352742048053e-10
0.0	4.254649996355057e-10	4.254498498412e-10
0.0	5.398984927503093e-10	5.398792014522e-10
0.0	6.851101329692824e-10	6.850855453045e-10
0.0	8.693780416132098e-10	8.693466669074e-10
0.0	1.1032068318176635e-09	1.103166737676e-09
0.0	1.399926448005043e-09	1.399875116185e-09
0.0	1.7764520698217872e-09	1.776386197442e-09
0.0	2.254248400600789e-09	2.254163621819e-09
0.0	2.8605533118160644e-09	2.860443801724e-09
0.0	3.6299306001774235e-09	3.629788501138e-09
0.0	4.606240375831086e-09	4.606054951259e-09
0.0	5.845139408147207e-09	5.844895770379e-09
0.0	7.417253967018842e-09	7.416931127833e-09
0.0	9.412206034739451e-09	9.411773859838e-09
0.0	1.1943722411866156e-08	1.194313677187e-08
0.0	1.5156117973320886e-08	1.515531287891e-08
0.0	1.9232522667556665e-08	1.923139728478e-08
0.0	2.4405321257672484e-08	2.440371811322e-08
0.0	3.096940094577146e-08	3.096706880294e-08
0.0	3.929896209165579e-08	3.929549195266e-08
0.0	4.986885035928572e-08	4.986356425307e-08
0.0	6.328162637875014e-08	6.327338366807e-08
0.0	8.030191609167633e-08	8.028877816905e-08
0.0	1.019e-07	1.018786602306e-07
1.0190000000000002e-10	0.0	3.581716645679e-15
1.0190000000000002e-10	1.0190000000000002e-10	1.019e-10
1.0190000000000002e-10	1.293071262228114e-10	1.293061590713e-10
1.0190000000000002e-10	1.6408570060846007e-10	1.640835038519e-10
1.0190000000000002e-10	2.0821835524962216e-10	2.082145944217e-10
1.0190000000000002e-10	2.642209729555356e-10	2.642152213369e-10
1.0190000000000002e-10	3.352861108996612e-10	3.352778233023e-10
1.0190000000000002e-10	4.254649996355057e-10	4.254534782566e-10
1.0190000000000002e-10	5.398984927503093e-10	5.398828424757e-10
1.0190000000000002e-10	6.851101329692824e-10	6.85089202355e-10
1.0190000000000002e-10	8.693780416132098e-10	8.693503443423e-10
1.0190000000000002e-10	1.1032068318176635e-09	1.103170441056e-09
1.0190000000000002e-10	1.399926448005043e-09	1.399878852601e-09
1.0190000000000002e-10	1.7764520698217872e-09	1.776389975981e-09
1.0190000000000002e-10	2.254248400600789e-09	2.254167454115e-09
1.0190000000000002e-10	2.8605533118160644e-09	2.860447702739e-09
1.0190000000000002e-10	3.6299306001774235e-09	3.629792490174e-09
1.0190000000000002e-10	4.606240375831086e-09	4.60605905324e-09
1.0190000000000002e-10	5.845139408147207e-09	5.844900017772e-09
1.0190000000000002e-10	7.417253967018842e-09	7.416935563054e-09
1.0190000000000002e-10	9.412206034739451e-09	9.411778538696e-09
1.0190000000000002e-10	1.1943722411866156e-08	1.194314176835e-08
1.0190000000000002e-10	1.5156117973320886e-08	1.51553182918e-08
1.0190000000000002e-10	1.9232522667556665e-08	1.923140324733e-08
1.0190000000000002e-10	2.4405321257672484e-08	2.440372480674e-08
1.0190000000000002e-10	3.096940094577146e-08	3.096707647632e-08
1.0190000000000002e-10	3.929896209165579e-08	3.929550095025e-08
1.0190000000000002e-10	4.986885035928572e-08	4.986357505402e-08
1.0190000000000002e-10	6.328162637875014e-08	6.32733969402e-08
1.0190000000000002e-10	8.030191609167633e-08	8.028879483919e-08
1.0190000000000002e-10	1.019e-07	1.01878681568e-07
1.293071262228114e-10	0.0	4.54505881523e-15
1.293071262228114e-10	1.0190000000000002e-10	1.019009663436e-10
1.293071262228114e-10	1.293071262228114e-10	1.293071262228e-10
1.293071262228114e-10	1.6408570060846007e-10	1.640844720292e-10
1.293071262228114e-10	2.0821835524962216e-10	2.082155639013e-10
1.293071262228114e-10	2.642209729555356e-10	2.642161924704e-10
1.293071262228114e-10	3.352861108996612e-10	3.352787965335e-10
1.293071262228114e-10	4.254649996355057e-10	4.254544541625e-10
1.293071262228114e-10	5.398984927503093e-10	5.398838217684e-10
1.293071262228114e-10	6.851101329692824e-10	6.850901859596e-10
1.293071262228114e-10	8.693780416132098e-10	8.693513334291e-10
1.293071262228114e-10	1.1032068318176635e-09	1.103171437117e-09
1.293071262228114e-10	1.399926448005043e-09	1.399879857556e-09
1.293071262228114e-10	1.7764520698217872e-09	1.776390992258e-09
1.293071262228114e-10	2.254248400600789e-09	2.254168484855e-09
1.293071262228114e-10	2.8605533118160644e-09	2.86044875196e-09
1.293071262228114e-10	3.6299306001774235e-09	3.629793563048e-09
1.293071262228114e-10	4.606240375831086e-09	4.606060156534e-09
1.293071262228114e-10	5.845139408147207e-09	5.844901160156e-09
1.293071262228114e-10	7.417253967018842e-09	7.416936755956e-09
1.293071262228114e-10	9.412206034739451e-09	9.411779797126e-09
1.293071262228114e-10	1.1943722411866156e-08	1.194314311218e-08
1.293071262228114e-10	1.5156117973320886e-08	1.515531974768e-08
1.293071262228114e-10	1.9232522667556665e-08	1.923140485103e-08
1.293071262228114e-10	2.4405321257672484e-08	2.440372660703e-08
1.293071262228114e-10	3.096940094577146e-08	3.096707854016e-08
1.293071262228114e-10	3.929896209165579e-08	3.929550337025e-08
1.293071262228114e-10	4.986885035928572e-08	4.986357795905e-08
1.293071262228114e-10	6.328162637875014e-08	6.327340050989e-08
1.293071262228114e-10	8.030191609167633e-08	8.028879932281e-08
1.293071262228114e-10	1.019e-07	1.018786873069e-07
1.6408570060846007e-10	0.0	5.767502502269e-15
1.6408570060846007e-10	1.0190000000000002e-10	1.019021925959e-10
1.6408570060846007e-10	1.293071262228114e-10	1.293083535004e-10
1.6408570060846007e-10	1.6408570060846007e-10	1.640857006085e-10
1.6408570060846007e-10	2.0821835524962216e-10	2.082167941332e-10
1.6408570060846007e-10	2.642209729555356e-10	2.642174248009e-10
1.6408570060846007e-10	3.352861108996612e-10	3.352800315294e-10
1.6408570060846007e-10	4.254649996355057e-10	4.25455692541e-10
1.6408570060846007e-10	5.398984927503093e-10	5.398850644578e-10
1.6408570060846007e-10	6.851101329692824e-10	6.85091434114e-10
1.6408570060846007e-10	8.693780416132098e-10	8.693525885423e-10
1.6408570060846007e-10	1.1032068318176635e-09	1.103172701083e-09
1.6408570060846007e-10	1.399926448005043e-09	1.399881132795e-09
1.6408570060846007e-10	1.7764520698217872e-09	1.776392281882e-09
1.6408570060846007e-10	2.254248400600789e-09	2.25416979282e-09
1.6408570060846007e-10	2.8605533118160644e-09	2.860450083383e-09
1.6408570060846007e-10	3.6299306001774235e-09	3.629794924505e-09
1.6408570060846007e-10	4.606240375831086e-09	4.606061556524e-09
1.6408570060846007e-10	5.845139408147207e-09	5.844902609821e-09
1.6408570060846007e-10	7.417253967018842e-09	7.416938269702e-09
1.6408570060846007e-10	9.412206034739451e-09	9.411781394024e-09
1.6408570060846007e-10	1.1943722411866156e-08	1.194314481747e-08
1.6408570060846007e-10	1.5156117973320886e-08	1.515532159507e-08
1.6408570060846007e-10	1.9232522667556665e-08	1.92314068861e-08
1.6408570060846007e-10	2.4405321257672484e-08	2.440372889154e-08
1.6408570060846007e-10	3.096940094577146e-08	3.096708115909e-08
1.6408570060846007e-10	3.929896209165579e-08	3.929550644113e-08
1.6408570060846007e-10	4.986885035928572e-08	4.986358164543e-08
1.6408570060846007e-10	6.328162637875014e-08	6.327340503968e-08
1.6408570060846007e-10	8.030191609167633e-08	8.028880501235e-08
1.6408570060846007e-10	1.019e-07	1.018786945894e-07
2.0821835524962216e-10	0.0	7.318735935988e-15
2.0821835524962216e-10	1.0190000000000002e-10	1.019037486623e-10
2.0821835524962216e-10	1.293071262228114e-10	1.29309910868e-10
2.0821835524962216e-10	1.6408570060846007e-10	1.640872596277e-10
2.0821835524962216e-10	2.0821835524962216e-10	2.082183552496e-10
2.0821835524962216e-10	2.642209729555356e-10	2.642189885803e-10
2.0821835524962216e-10	3.352861108996612e-10	3.352815986911e-10
2.0821835524962216e-10	4.254649996355057e-10	4.254572639997e-10
2.0821835524962216e-10	5.398984927503093e-10	5.398866413723e-10
2.0821835524962216e-10	6.851101329692824e-10	6.8509301798e-10
2.0821835524962216e-10	8.693780416132098e-10	8.693541812302e-10
2.0821835524962216e-10	1.1032068318176635e-09	1.103174305009e-09
2.0821835524962216e-10	1.399926448005043e-09	1.399882751029e-09
2.0821835524962216e-10	1.7764520698217872e-09	1.776393918352e-09
2.0821835524962216e-10	2.254248400600789e-09	2.254171452586e-09
2.0821835524962216e-10	2.8605533118160644e-09	2.860451772901e-09
2.0821835524962216e-10	3.6299306001774235e-09	3.629796652143e-09
2.0821835524962216e-10	4.606240375831086e-09	4.606063333084e-09
2.0821835524962216e-10	5.845139408147207e-09	5.844904449332e-09
2.0821835524962216e-10	7.417253967018842e-09	7.416940190621e-09
2.0821835524962216e-10	9.412206034739451e-09	9.411783420428e-09
2.0821835524962216e-10	1.1943722411866156e-08	1.194314698143e-08
2.0821835524962216e-10	1.5156117973320886e-08	1.515532393938e-08
2.0821835524962216e-10	1.9232522667556665e-08	1.923140946843e-08
2.0821835524962216e-10	2.4405321257672484e-08	2.440373179054e-08
2.0821835524962216e-10	3.096940094577146e-08	3.096708448241e-08
2.0821835524962216e-10	3.929896209165579e-08	3.929551033797e-08
2.0821835524962216e-10	4.986885035928572e-08	4.98635863233e-08
2.0821835524962216e-10	6.328162637875014e-08	6.327341078782e-08
2.0821835524962216e-10	8.030191609167633e-08	8.028881223216e-08
2.0821835524962216e-10	1.019e-07	1.018787038306e-07
2.642209729555356e-10	0.0	9.287190776944e-15
2.642209729555356e-10	1.0190000000000002e-10	1.019057232501e-10
2.642209729555356e-10	1.293071262228114e-10	1.293118871067e-10
2.642209729555356e-10	1.6408570060846007e-10	1.640892379625e-10
2.642209729555356e-10	2.0821835524962216e-10	2.082203362456e-10
2.642209729555356e-10	2.642209729555356e-10	2.642209729555e-10
2.642209729555356e-10	3.352861108996612e-10	3.352835873584e-10
2.642209729555356e-10	4.254649996355057e-10	4.254592581193e-10
2.642209729555356e-10	5.398984927503093e-10	5.398886424211e-10
2.642209729555356e-10	6.851101329692824e-10	6.850950278314e-10
2.642209729555356e-10	8.693780416132098e-10	8.693562022976e-10
2.642209729555356e-10	1.1032068318176635e-09	1.103176340325e-09
2.642209729555356e-10	1.399926448005043e-09	1.399884804506e-09
2.642209729555356e-10	1.7764520698217872e-09	1.776395994977e-09
2.642209729555356e-10	2.254248400600789e-09	2.254173558748e-09
2.642209729555356e-10	2.8605533118160644e-09	2.860453916847e-09
2.642209729555356e-10	3.6299306001774235e-09	3.629798844442e-09
2.642209729555356e-10	4.606240375831086e-09	4.606065587473e-09
2.642209729555356e-10	5.845139408147207e-09	5.844906783632e-09
2.642209729555356e-10	7.417253967018842e-09	7.416942628116e-09
2.642209729555356e-10	9.412206034739451e-09	9.411785991896e-09
2.642209729555356e-10	1.1943722411866156e-08	1.19431497274e-08
2.642209729555356e-10	1.5156117973320886e-08	1.515532691422e-08
2.642209729555356e-10	1.9232522667556665e-08	1.923141274536e-08
2.642209729555356e-10	2.4405321257672484e-08	2.440373546915e-08
2.642209729555356e-10	3.096940094577146e-08	3.096708869964e-08
2.642209729555356e-10	3.929896209165579e-08	3.929551528291e-08
2.642209729555356e-10	4.986885035928572e-08	4.986359225933e-08
2.642209729555356e-10	6.328162637875014e-08	6.327341808198e-08
2.642209729555356e-10	8.030191609167633e-08	8.028882139381e-08
2.642209729555356e-10	1.019e-07	1.018787155573e-07
3.352861108996612e-10	0.0	1.1785083378519999e-14
3.352861108996612e-10	1.0190000000000002e-10	1.019082289251e-10
3.352861108996612e-10	1.293071262228114e-10	1.293143948768e-10
3.352861108996612e-10	1.6408570060846007e-10	1.640917483923e-10
3.352861108996612e-10	2.0821835524962216e-10	2.082228500523e-10
3.352861108996612e-10	2.642209729555356e-10	2.642234910505e-10
3.352861108996612e-10	3.352861108996612e-10	3.352861108997e-10
3.352861108996612e-10	4.254649996355057e-10	4.254617885797e-10
3.352861108996612e-10	5.398984927503093e-10	5.398911816738e-10
3.352861108996612e-10	6.851101329692824e-10	6.850975782619e-10
3.352861108996612e-10	8.693780416132098e-10	8.69358766937e-10
3.352861108996612e-10	1.1032068318176635e-09	1.103178923073e-09
3.352861108996612e-10	1.399926448005043e-09	1.399887410285e-09
3.352861108996612e-10	1.7764520698217872e-09	1.776398630133e-09
3.352861108996612e-10	2.254248400600789e-09	2.254176231396e-09
3.352861108996612e-10	2.8605533118160644e-09	2.860456637409e-09
3.352861108996612e-10	3.6299306001774235e-09	3.6298016264e-09
3.352861108996612e-10	4.606240375831086e-09	4.606068448194e-09
3.352861108996612e-10	5.845139408147207e-09	5.844909745773e-09
3.352861108996612e-10	7.417253967018842e-09	7.416945721244e-09
3.352861108996612e-10	9.412206034739451e-09	9.411789254894e-09
3.352861108996612e-10	1.1943722411866156e-08	1.194315321198e-08
3.352861108996612e-10	1.5156117973320886e-08	1.515533068917e-08
3.352861108996612e-10	1.9232522667556665e-08	1.923141690365e-08
3.352861108996612e-10	2.4405321257672484e-08	2.440374013722e-08
3.352861108996612e-10	3.096940094577146e-08	3.0967094051e-08
3.352861108996612e-10	3.929896209165579e-08	3.929552155792e-08
3.352861108996612e-10	4.986885035928572e-08	4.986359979192e-08
3.352861108996612e-10	6.328162637875014e-08	6.327342733798e-08
3.352861108996612e-10	8.030191609167633e-08	8.028883301959e-08
3.352861108996612e-10	1.019e-07	1.01878730438e-07
4.254649996355057e-10	0.0	1.495481195684e-14
4.254649996355057e-10	1.0190000000000002e-10	1.019114085293e-10
4.254649996355057e-10	1.293071262228114e-10	1.293175771395e-10
4.254649996355057e-10	1.6408570060846007e-10	1.640949340301e-10
4.254649996355057e-10	2.0821835524962216e-10	2.082260399753e-10
4.254649996355057e-10	2.642209729555356e-10	2.642266864151e-10
4.254649996355057e-10	3.352861108996612e-10	3.352893131755e-10
4.254649996355057e-10	4.254649996355057e-10	4.254649996355e-10
4.254649996355057e-10	5.398984927503093e-10	5.39894403887e-10
4.254649996355057e-10	6.851101329692824e-10	6.851008146588e-10
4.254649996355057e-10	8.693780416132098e-10	8.69362021374e-10
4.254649996355057e-10	1.1032068318176635e-09	1.103182200459e-09
4.254649996355057e-10	1.399926448005043e-09	1.399890716931e-09
4.254649996355057e-10	1.7764520698217872e-09	1.776401974041e-09
4.254649996355057e-10	2.254248400600789e-09	2.254179622883e-09
4.254649996355057e-10	2.8605533118160644e-09	2.860460089709e-09
4.254649996355057e-10	3.6299306001774235e-09	3.629805156569e-09
4.254649996355057e-10	4.606240375831086e-09	4.60607207836e-09
4.254649996355057e-10	5.845139408147207e-09	5.844913504604e-09
4.254649996355057e-10	7.417253967018842e-09	7.41694964631e-09
4.254649996355057e-10	9.412206034739451e-09	9.411793395565e-09
4.254649996355057e-10	1.1943722411866156e-08	1.194315763367e-08
4.254649996355057e-10	1.5156117973320886e-08	1.51553354795e-08
4.254649996355057e-10	1.9232522667556665e-08	1.923142218036e-08
4.254649996355057e-10	2.4405321257672484e-08	2.440374606082e-08
4.254649996355057e-10	3.096940094577146e-08	3.096710084174e-08
4.254649996355057e-10	3.929896209165579e-08	3.929552952048e-08
4.254649996355057e-10	4.986885035928572e-08	4.98636093506e-08
4.254649996355057e-10	6.328162637875014e-08	6.327343908349e-08
4.254649996355057e-10	8.030191609167633e-08	8.028884777226e-08
4.254649996355057e-10	1.019e-07	1.01878749321e-07
5.398984927503093e-10	0.0	1.897707435909e-14
5.398984927503093e-10	1.0190000000000002e-10	1.019154433234e-10
5.398984927503093e-10	1.293071262228114e-10	1.293216153073e-10
5.398984927503093e-10	1.6408570060846007e-10	1.640989764806e-10
5.398984927503093e-10	2.0821835524962216e-10	2.082300878636e-10
5.398984927503093e-10	2.642209729555356e-10	2.642307412085e-10
5.398984927503093e-10	3.352861108996612e-10	3.352933767391e-10
5.398984927503093e-10	4.254649996355057e-10	4.254690743406e-10
5.398984927503093e-10	5.398984927503093e-10	5.398984927503e-10
5.398984927503093e-10	6.851101329692824e-10	6.851049215208e-10
5.398984927503093e-10	8.693780416132098e-10	8.693661511277e-10
5.398984927503093e-10	1.1032068318176635e-09	1.103186359346e-09
5.398984927503093e-10	1.399926448005043e-09	1.39989491291e-09
5.398984927503093e-10	1.7764520698217872e-09	1.776406217346e-09
5.398984927503093e-10	2.254248400600789e-09	2.254183926543e-09
5.398984927503093e-10	2.8605533118160644e-09	2.860464470545e-09
5.398984927503093e-10	3.6299306001774235e-09	3.629809636233e-09
5.398984927503093e-10	4.606240375831086e-09	4.606076684864e-09
5.398984927503093e-10	5.845139408147207e-09	5.844918274439e-09
5.398984927503093e-10	7.417253967018842e-09	7.416954627051e-09
5.398984927503093e-10	9.412206034739451e-09	9.411798649924e-09
5.398984927503093e-10	1.1943722411866156e-08	1.194316324468e-08
5.398984927503093e-10	1.5156117973320886e-08	1.51553415581e-08
5.398984927503093e-10	1.9232522667556665e-08	1.92314288763e-08
5.398984927503093e-10	2.4405321257672484e-08	2.440375357763e-08
5.398984927503093e-10	3.096940094577146e-08	3.096710945893e-08
5.398984927503093e-10	3.929896209165579e-08	3.929553962476e-08
5.398984927503093e-10	4.986885035928572e-08	4.986362147995e-08
5.398984927503093e-10	6.328162637875014e-08	6.327345398808e-08
5.398984927503093e-10	8.030191609167633e-08	8.028886649282e-08
5.398984927503093e-10	1.019e-07	1.018787732829e-07
6.851101329692824e-10	0.0	2.4081169209809997e-14
6.851101329692824e-10	1.0190000000000002e-10	1.019205633206e-10
6.851101329692824e-10	1.293071262228114e-10	1.293267395854e-10
6.851101329692824e-10	1.6408570060846007e-10	1.641041061935e-10
6.851101329692824e-10	2.0821835524962216e-10	2.082352244768e-10
6.851101329692824e-10	2.642209729555356e-10	2.642358865841e-10
6.851101329692824e-10	3.352861108996612e-10	3.352985332436e-10
6.851101329692824e-10	4.254649996355057e-10	4.254742449832e-10
6.851101329692824e-10	5.398984927503093e-10	5.399036813592e-10
6.851101329692824e-10	6.851101329692824e-10	6.851101329693e-10
6.851101329692824e-10	8.693780416132098e-10	8.693713916252e-10
6.851101329692824e-10	1.1032068318176635e-09	1.103191636811e-09
6.851101329692824e-10	1.399926448005043e-09	1.399900237459e-09
6.851101329692824e-10	1.7764520698217872e-09	1.776411601903e-09
6.851101329692824e-10	2.254248400600789e-09	2.254189387743e-09
6.851101329692824e-10	2.8605533118160644e-09	2.86047002965e-09
6.851101329692824e-10	3.6299306001774235e-09	3.629815320754e-09
6.851101329692824e-10	4.606240375831086e-09	4.60608253036e-09
6.851101329692824e-10	5.845139408147207e-09	5.844924327132e-09
6.851101329692824e-10	7.417253967018842e-09	7.416960947451e-09
6.851101329692824e-10	9.412206034739451e-09	9.411805317482e-09
6.851101329692824e-10	1.1943722411866156e-08	1.194317036485e-08
6.851101329692824e-10	1.5156117973320886e-08	1.515534927168e-08
6.851101329692824e-10	1.9232522667556665e-08	1.92314373732e-08
6.851101329692824e-10	2.4405321257672484e-08	2.440376311618e-08
6.851101329692824e-10	3.096940094577146e-08	3.096712039381e-08
6.851101329692824e-10	3.929896209165579e-08	3.92955524467e-08
6.851101329692824e-10	4.986885035928572e-08	4.986363687175e-08
6.851101329692824e-10	6.328162637875014e-08	6.327347290144e-08
6.851101329692824e-10	8.030191609167633e-08	8.028889024849e-08
6.851101329692824e-10	1.019e-07	1.018788036896e-07
8.693780416132098e-10	0.0	3.0558067687639997e-14
8.693780416132098e-10	1.0190000000000002e-10	1.019270603985e-10
8.693780416132098e-10	1.293071262228114e-10	1.293332420957e-10
8.693780416132098e-10	1.6408570060846007e-10	1.641106156003e-10
8.693780416132098e-10	2.0821835524962216e-10	2.082417426398e-10
8.693780416132098e-10	2.642209729555356e-10	2.642424158662e-10
8.693780416132098e-10	3.352861108996612e-10	3.353050766479e-10
8.693780416132098e-10	4.254649996355057e-10	4.254808063282e-10
8.693780416132098e-10	5.398984927503093e-10	5.399102655027e-10
8.693780416132098e-10	6.851101329692824e-10	6.851167460955e-10
8.693780416132098e-10	8.693780416132098e-10	8.693780416132e-10
8.693780416132098e-10	1.1032068318176635e-09	1.103198333711e-09
8.693780416132098e-10	1.399926448005043e-09	1.399906994106e-09
8.693780416132098e-10	1.7764520698217872e-09	1.776418434716e-09
8.693780416132098e-10	2.254248400600789e-09	2.254196317752e-09
8.693780416132098e-10	2.8605533118160644e-09	2.860477083967e-09
8.693780416132098e-10	3.6299306001774235e-09	3.629822534183e-09
8.693780416132098e-10	4.606240375831086e-09	4.606089948071e-09
8.693780416132098e-10	5.845139408147207e-09	5.84493200779e-09
8.693780416132098e-10	7.417253967018842e-09	7.41696896774e-09
8.693780416132098e-10	9.412206034739451e-09	9.411813778397e-09
8.693780416132098e-10	1.1943722411866156e-08	1.194317940004e-08
8.693780416132098e-10	1.5156117973320886e-08	1.515535905994e-08
8.693780416132098e-10	1.9232522667556665e-08	1.923144815543e-08
8.693780416132098e-10	2.4405321257672484e-08	2.440377522024e-08
8.693780416132098e-10	3.096940094577146e-08	3.096713426975e-08
8.693780416132098e-10	3.929896209165579e-08	3.929556871726e-08
8.693780416132098e-10	4.986885035928572e-08	4.986365640336e-08
8.693780416132098e-10	6.328162637875014e-08	6.327349690175e-08
8.693780416132098e-10	8.030191609167633e-08	8.028892039352e-08
8.693780416132098e-10	1.019e-07	1.018788422745e-07
1.1032068318176635e-09	0.0	3.87770011386e-14
1.1032068318176635e-09	1.0190000000000002e-10	1.019353049388e-10
1.1032068318176635e-09	1.293071262228114e-10	1.293414935295e-10
1.1032068318176635e-09	1.6408570060846007e-10	1.641188757855e-10
1.1032068318176635e-09	2.0821835524962216e-10	2.082500139363e-10
1.1032068318176635e-09	2.642209729555356e-10	2.642507012723e-10
1.1032068318176635e-09	3.352861108996612e-10	3.353133799746e-10
1.1032068318176635e-09	4.254649996355057e-10	4.254891324209e-10
1.1032068318176635e-09	5.398984927503093e-10	5.399186205259e-10
1.1032068318176635e-09	6.851101329692824e-10	6.851251378965e-10
1.1032068318176635e-09	8.693780416132098e-10	8.693864801907e-10
1.1032068318176635e-09	1.1032068318176635e-09	1.103206831818e-09
1.1032068318176635e-09	1.399926448005043e-09	1.399915568028e-09
1.1032068318176635e-09	1.7764520698217872e-09	1.776427105291e-09
1.1032068318176635e-09	2.254248400600789e-09	2.254205111689e-09
1.1032068318176635e-09	2.8605533118160644e-09	2.860486035568e-09
1.1032068318176635e-09	3.6299306001774235e-09	3.629831687781e-09
1.1032068318176635e-09	4.606240375831086e-09	4.606099360848e-09
1.1032068318176635e-09	5.845139408147207e-09	5.844941754251e-09
1.1032068318176635e-09	7.417253967018842e-09	7.416979145208e-09
1.1032068318176635e-09	9.412206034739451e-09	9.4118245149e-09
1.1032068318176635e-09	1.1943722411866156e-08	1.19431908654e-08
1.1032068318176635e-09	1.5156117973320886e-08	1.515537148083e-08
1.1032068318176635e-09	1.9232522667556665e-08	1.923146183767e-08
1.1032068318176635e-09	2.4405321257672484e-08	2.440379057981e-08
1.1032068318176635e-09	3.096940094577146e-08	3.096715187778e-08
1.1032068318176635e-09	3.929896209165579e-08	3.929558936396e-08
1.1032068318176635e-09	4.986885035928572e-08	4.986368118822e-08
1.1032068318176635e-09	6.328162637875014e-08	6.327352735722e-08
1.1032068318176635e-09	8.030191609167633e-08	8.028895864639e-08
1.1032068318176635e-09	1.019e-07	1.018788912372e-07
1.399926448005043e-09	0.0	4.9206510172379995e-14
1.399926448005043e-09	1.0190000000000002e-10	1.01945766942e-10
1.399926448005043e-09	1.293071262228114e-10	1.293519642803e-10
1.399926448005043e-09	1.6408570060846007e-10	1.641293576414e-10
1.399926448005043e-09	2.0821835524962216e-10	2.082605098921e-10
1.399926448005043e-09	2.642209729555356e-10	2.642612151327e-10
1.399926448005043e-09	3.352861108996612e-10	3.353239165755e-10
1.399926448005043e-09	4.254649996355057e-10	4.25499697911e-10
1.399926448005043e-09	5.398984927503093e-10	5.399292227276e-10
1.399926448005043e-09	6.851101329692824e-10	6.85135786768e-10
1.399926448005043e-09	8.693780416132098e-10	8.693971884196e-10
1.399926448005043e-09	1.1032068318176635e-09	1.103217615587e-09
1.399926448005043e-09	1.399926448005043e-09	1.399926448005e-09
1.399926448005043e-09	1.7764520698217872e-09	1.776438107915e-09
1.399926448005043e-09	2.254248400600789e-09	2.254216270854e-09
1.399926448005043e-09	2.8605533118160644e-09	2.860497394835e-09
1.399926448005043e-09	3.6299306001774235e-09	3.629843303275e-09
1.399926448005043e-09	4.606240375831086e-09	4.606111305343e-09
1.399926448005043e-09	5.845139408147207e-09	5.844954122122e-09
1.399926448005043e-09	7.417253967018842e-09	7.416992060026e-09
1.399926448005043e-09	9.412206034739451e-09	9.411838139151e-09
1.399926448005043e-09	1.1943722411866156e-08	1.194320541441e-08
1.399926448005043e-09	1.5156117973320886e-08	1.515538724252e-08
1.399926448005043e-09	1.9232522667556665e-08	1.923147919988e-08
1.399926448005043e-09	2.4405321257672484e-08	2.440381007054e-08
1.399926448005043e-09	3.096940094577146e-08	3.096717422169e-08
1.399926448005043e-09	3.929896209165579e-08	3.929561556383e-08
1.399926448005043e-09	4.986885035928572e-08	4.986371263925e-08
1.399926448005043e-09	6.328162637875014e-08	6.327356600405e-08
1.399926448005043e-09	8.030191609167633e-08	8.028900718783e-08
1.399926448005043e-09	1.019e-07	1.018789533691e-07
1.7764520698217872e-09	0.0	6.244115524421e-14
1.7764520698217872e-09	1.0190000000000002e-10	1.019590428208e-10
1.7764520698217872e-09	1.293071262228114e-10	1.293652512595e-10
1.7764520698217872e-09	1.6408570060846007e-10	1.641426587127e-10
1.7764520698217872e-09	2.0821835524962216e-10	2.082738288555e-10
1.7764520698217872e-09	2.642209729555356e-10	2.642745568164e-10
1.7764520698217872e-09	3.352861108996612e-10	3.35337287116e-10
1.7764520698217872e-09	4.254649996355057e-10	4.255131051109e-10
1.7764520698217872e-09	5.398984927503093e-10	5.39942676513e-10
1.7764520698217872e-09	6.851101329692824e-10	6.851492997755e-10
1.7764520698217872e-09	8.693780416132098e-10	8.694107767494e-10
1.7764520698217872e-09	1.1032068318176635e-09	1.103231299774e-09
1.7764520698217872e-09	1.399926448005043e-09	1.399940254277e-09
1.7764520698217872e-09	1.7764520698217872e-09	1.776452069822e-09
1.7764520698217872e-09	2.254248400600789e-09	2.254230431405e-09
1.7764520698217872e-09	2.8605533118160644e-09	2.860511809305e-09
1.7764520698217872e-09	3.6299306001774235e-09	3.629858042928e-09
1.7764520698217872e-09	4.606240375831086e-09	4.606126462361e-09
1.7764520698217872e-09	5.845139408147207e-09	5.84496981653e-09
1.7764520698217872e-09	7.417253967018842e-09	7.417008448417e-09
1.7764520698217872e-09	9.412206034739451e-09	9.411855427805e-09
1.7764520698217872e-09	1.1943722411866156e-08	1.19432238766e-08
1.7764520698217872e-09	1.5156117973320886e-08	1.515540724339e-08
1.7764520698217872e-09	1.9232522667556665e-08	1.923150123194e-08
1.7764520698217872e-09	2.4405321257672484e-08	2.440383480348e-08
1.7764520698217872e-09	3.096940094577146e-08	3.096720257529e-08
1.7764520698217872e-09	3.929896209165579e-08	3.929564881046e-08
1.7764520698217872e-09	4.986885035928572e-08	4.986375254941e-08
1.7764520698217872e-09	6.328162637875014e-08	6.327361504541e-08
1.7764520698217872e-09	8.030191609167633e-08	8.028906878507e-08
1.7764520698217872e-09	1.019e-07	1.01879032212e-07
2.254248400600789e-09	0.0	7.92354115019e-14
2.254248400600789e-09	1.0190000000000002e-10	1.019758894012e-10
2.254248400600789e-09	1.293071262228114e-10	1.293821119258e-10
2.254248400600789e-09	1.6408570060846007e-10	1.641595372613e-10
2.254248400600789e-09	2.0821835524962216e-10	2.082907301085e-10
2.254248400600789e-09	2.642209729555356e-10	2.642914869006e-10
2.254248400600789e-09	3.352861108996612e-10	3.353542538183e-10
2.254248400600789e-09	4.254649996355057e-10	4.255301183325e-10
2.254248400600789e-09	5.398984927503093e-10	5.3995974885e-10
2.254248400600789e-09	6.851101329692824e-10	6.85166447263e-10
2.254248400600789e-09	8.693780416132098e-10	8.694280198181e-10
2.254248400600789e-09	1.1032068318176635e-09	1.103248664482e-09
2.254248400600789e-09	1.399926448005043e-09	1.399957773905e-09
2.254248400600789e-09	1.7764520698217872e-09	1.776469786945e-09
2.254248400600789e-09	2.254248400600789e-09	2.254248400601e-09
2.254248400600789e-09	2.8605533118160644e-09	2.860530100715e-09
2.254248400600789e-09	3.6299306001774235e-09	3.62987674698e-09
2.254248400600789e-09	4.606240375831086e-09	4.606145696085e-09
2.254248400600789e-09	5.845139408147207e-09	5.844989732021e-09
2.254248400600789e-09	7.417253967018842e-09	7.417029244728e-09
2.254248400600789e-09	9.412206034739451e-09	9.411877366424e-09
2.254248400600789e-09	1.1943722411866156e-08	1.194324730442e-08
2.254248400600789e-09	1.5156117973320886e-08	1.515543262379e-08
2.254248400600789e-09	1.9232522667556665e-08	1.923152918963e-08
2.254248400600789e-09	2.4405321257672484e-08	2.440386618873e-08
2.254248400600789e-09	3.096940094577146e-08	3.096723855486e-08
2.254248400600789e-09	3.929896209165579e-08	3.92956909992e-08
2.254248400600789e-09	4.986885035928572e-08	4.986380319388e-08
2.254248400600789e-09	6.328162637875014e-08	6.327367727701e-08
2.254248400600789e-09	8.030191609167633e-08	8.028914694962e-08
2.254248400600789e-09	1.019e-07	1.018791322608e-07
2.8605533118160644e-09	0.0	1.0054668028309999e-13
2.8605533118160644e-09	1.0190000000000002e-10	1.019972670674e-10
2.8605533118160644e-09	1.293071262228114e-10	1.294035074665e-10
2.8605533118160644e-09	1.6408570060846007e-10	1.641809554938e-10
2.8605533118160644e-09	2.0821835524962216e-10	2.083121771521e-10
2.8605533118160644e-09	2.642209729555356e-10	2.6431297053e-10
2.8605533118160644e-09	3.352861108996612e-10	3.353757839147e-10
2.8605533118160644e-09	4.254649996355057e-10	4.255517074602e-10
2.8605533118160644e-09	5.398984927503093e-10	5.399814129928e-10
2.8605533118160644e-09	6.851101329692824e-10	6.851882067691e-10
2.8605533118160644e-09	8.693780416132098e-10	8.69449900613e-10
2.8605533118160644e-09	1.1032068318176635e-09	1.103270699633e-09
2.8605533118160644e-09	1.399926448005043e-09	1.399980005643e-09
2.8605533118160644e-09	1.7764520698217872e-09	1.776492269298e-09
2.8605533118160644e-09	2.254248400600789e-09	2.254271202824e-09
2.8605533118160644e-09	2.8605533118160644e-09	2.860553311816e-09
2.8605533118160644e-09	3.6299306001774235e-09	3.629900481709e-09
2.8605533118160644e-09	4.606240375831086e-09	4.606170102944e-09
2.8605533118160644e-09	5.845139408147207e-09	5.845015004082e-09
2.8605533118160644e-09	7.417253967018842e-09	7.417055634314e-09
2.8605533118160644e-09	9.412206034739451e-09	9.411905205709e-09
2.8605533118160644e-09	1.1943722411866156e-08	1.194327703341e-08
2.8605533118160644e-09	1.5156117973320886e-08	1.515546483057e-08
2.8605533118160644e-09	1.9232522667556665e-08	1.923156466697e-08
2.8605533118160644e-09	2.4405321257672484e-08	2.440390601526e-08
2.8605533118160644e-09	3.096940094577146e-08	3.09672842116e-08
2.8605533118160644e-09	3.929896209165579e-08	3.929574453504e-08
2.8605533118160644e-09	4.986885035928572e-08	4.986386745985e-08
2.8605533118160644e-09	6.328162637875014e-08	6.327375624659e-08
2.8605533118160644e-09	8.030191609167633e-08	8.028924613751e-08
2.8605533118160644e-09	1.019e-07	1.018792592189e-07
3.6299306001774235e-09	0.0	1.2758986944369999e-13
3.6299306001774235e-09	1.0190000000000002e-10	1.020243945123e-10
3.6299306001774235e-09	1.293071262228114e-10	1.294306575934e-10
3.6299306001774235e-09	1.6408570060846007e-10	1.64208134416e-10
3.6299306001774235e-09	2.0821835524962216e-10	2.083393926344e-10
3.6299306001774235e-09	2.642209729555356e-10	2.643402324381e-10
3.6299306001774235e-09	3.352861108996612e-10	3.354031047878e-10
3.6299306001774235e-09	4.254649996355057e-10	4.255791032417e-10
3.6299306001774235e-09	5.398984927503093e-10	5.400089039658e-10
3.6299306001774235e-09	6.851101329692824e-10	6.852158187543e-10
3.6299306001774235e-09	8.693780416132098e-10	8.694776665092e-10
3.6299306001774235e-09	1.1032068318176635e-09	1.103298661401e-09
3.6299306001774235e-09	1.399926448005043e-09	1.400008216874e-09
3.6299306001774235e-09	1.7764520698217872e-09	1.776520798548e-09
3.6299306001774235e-09	2.254248400600789e-09	2.254300137977e-09
3.6299306001774235e-09	2.8605533118160644e-09	2.860582765821e-09
3.6299306001774235e-09	3.6299306001774235e-09	3.629930600177e-09
3.6299306001774235e-09	4.606240375831086e-09	4.606201074321e-09
3.6299306001774235e-09	5.845139408147207e-09	5.845047073365e-09
3.6299306001774235e-09	7.417253967018842e-09	7.417089121776e-09
3.6299306001774235e-09	9.412206034739451e-09	9.411940532705e-09
3.6299306001774235e-09	1.1943722411866156e-08	1.194331475838e-08
3.6299306001774235e-09	1.5156117973320886e-08	1.515550569972e-08
3.6299306001774235e-09	1.9232522667556665e-08	1.923160968637e-08
3.6299306001774235e-09	2.4405321257672484e-08	2.440395655372e-08
3.6299306001774235e-09	3.096940094577146e-08	3.096734214829e-08
3.6299306001774235e-09	3.929896209165579e-08	3.929581247005e-08
3.6299306001774235e-09	4.986885035928572e-08	4.986394901084e-08
3.6299306001774235e-09	6.328162637875014e-08	6.327385645608e-08
3.6299306001774235e-09	8.030191609167633e-08	8.028937200324e-08
3.6299306001774235e-09	1.019e-07	1.01879420324e-07
4.606240375831086e-09	0.0	1.619066543352e-13
4.606240375831086e-09	1.0190000000000002e-10	1.020588182146e-10
4.606240375831086e-09	1.293071262228114e-10	1.294651100784e-10
4.606240375831086e-09	1.6408570060846007e-10	1.64242623441e-10
4.606240375831086e-09	2.0821835524962216e-10	2.083739280528e-10
4.606240375831086e-09	2.642209729555356e-10	2.643748267693e-10
4.606240375831086e-09	3.352861108996612e-10	3.354377739433e-10
4.606240375831086e-09	4.254649996355057e-10	4.256138674532e-10
4.606240375831086e-09	5.398984927503093e-10	5.400437889716e-10
4.606240375831086e-09	6.851101329692824e-10	6.852508573203e-10
4.606240375831086e-09	8.693780416132098e-10	8.695129003825e-10
4.606240375831086e-09	1.1032068318176635e-09	1.103334143829e-09
4.606240375831086e-09	1.399926448005043e-09	1.40004401586e-09
4.606240375831086e-09	1.7764520698217872e-09	1.776557001088e-09
4.606240375831086e-09	2.254248400600789e-09	2.254336855594e-09
4.606240375831086e-09	2.8605533118160644e-09	2.86062014184e-09
4.606240375831086e-09	3.6299306001774235e-09	3.629968819378e-09
4.606240375831086e-09	4.606240375831086e-09	4.606240375831e-09
4.606240375831086e-09	5.845139408147207e-09	5.845087768077e-09
4.606240375831086e-09	7.417253967018842e-09	7.417131616101e-09
4.606240375831086e-09	9.412206034739451e-09	9.411985361334e-09
4.606240375831086e-09	1.1943722411866156e-08	1.194336262995e-08
4.606240375831086e-09	1.5156117973320886e-08	1.515555756115e-08
4.606240375831086e-09	1.9232522667556665e-08	1.923166681427e-08
4.606240375831086e-09	2.4405321257672484e-08	2.440402068514e-08
4.606240375831086e-09	3.096940094577146e-08	3.096741566779e-08
4.606240375831086e-09	3.929896209165579e-08	3.929589867705e-08
4.606240375831086e-09	4.986885035928572e-08	4.98640524961e-08
4.606240375831086e-09	6.328162637875014e-08	6.327398361809e-08
4.606240375831086e-09	8.030191609167633e-08	8.028953172231e-08
4.606240375831086e-09	1.019e-07	1.018796247605e-07
5.845139408147207e-09	0.0	2.054533683627e-13
5.845139408147207e-09	1.0190000000000002e-10	1.021025006029e-10
5.845139408147207e-09	1.293071262228114e-10	1.295088289909e-10
5.845139408147207e-09	1.6408570060846007e-10	1.642863887214e-10
5.845139408147207e-09	2.0821835524962216e-10	2.084177522048e-10
5.845139408147207e-09	2.642209729555356e-10	2.644187256794e-10
5.845139408147207e-09	3.352861108996612e-10	3.354817678027e-10
5.845139408147207e-09	4.254649996355057e-10	4.256579819351e-10
5.845139408147207e-09	5.398984927503093e-10	5.400880567371e-10
5.845139408147207e-09	6.851101329692824e-10	6.85295319948e-10
5.845139408147207e-09	8.693780416132098e-10	8.695576108481e-10
5.845139408147207e-09	1.1032068318176635e-09	1.1033791697e-09
5.845139408147207e-09	1.399926448005043e-09	1.400089443433e-09
5.845139408147207e-09	1.7764520698217872e-09	1.776602940757e-09
5.845139408147207e-09	2.254248400600789e-09	2.254383448876e-09
5.845139408147207e-09	2.8605533118160644e-09	2.860667570611e-09
5.845139408147207e-09	3.6299306001774235e-09	3.630017318114e-09
5.845139408147207e-09	4.606240375831086e-09	4.606290247978e-09
5.845139408147207e-09	5.845139408147207e-09	5.845139408147e-09
5.845139408147207e-09	7.417253967018842e-09	7.417185539815e-09
5.845139408147207e-09	9.412206034739451e-09	9.41204224719e-09
5.845139408147207e-09	1.1943722411866156e-08	1.194342337719e-08
5.845139408147207e-09	1.5156117973320886e-08	1.515562337138e-08
5.845139408147207e-09	1.9232522667556665e-08	1.923173930749e-08
5.845139408147207e-09	2.4405321257672484e-08	2.44041020655e-08
5.845139408147207e-09	3.096940094577146e-08	3.096750896135e-08
5.845139408147207e-09	3.929896209165579e-08	3.929600807058e-08
5.845139408147207e-09	4.986885035928572e-08	4.98641838151e-08
5.845139408147207e-09	6.328162637875014e-08	6.327414498214e-08
5.845139408147207e-09	8.030191609167633e-08	8.028973439987e-08
5.845139408147207e-09	1.019e-07	1.018798841832e-07
7.417253967018842e-09	0.0	2.607125344093e-13
7.417253967018842e-09	1.0190000000000002e-10	1.021579319347e-10
7.417253967018842e-09	1.293071262228114e-10	1.295643066705e-10
7.417253967018842e-09	1.6408570060846007e-10	1.643419252402e-10
7.417253967018842e-09	2.0821835524962216e-10	2.084733634296e-10
7.417253967018842e-09	2.642209729555356e-10	2.644744317694e-10
7.417253967018842e-09	3.352861108996612e-10	3.3553759438e-10
7.417253967018842e-09	4.254649996355057e-10	4.257139615781e-10
7.417253967018842e-09	5.398984927503093e-10	5.401442308915e-10
7.417253967018842e-09	6.851101329692824e-10	6.853517413754e-10
7.417253967018842e-09	8.693780416132098e-10	8.696143467726e-10
7.417253967018842e-09	1.1032068318176635e-09	1.103436305864e-09
7.417253967018842e-09	1.399926448005043e-09	1.400147089341e-09
7.417253967018842e-09	1.7764520698217872e-09	1.776661236497e-09
7.417253967018842e-09	2.254248400600789e-09	2.254442574027e-09
7.417253967018842e-09	2.8605533118160644e-09	2.860727755967e-09
7.417253967018842e-09	3.6299306001774235e-09	3.630078861216e-09
7.417253967018842e-09	4.606240375831086e-09	4.60635353389e-09
7.417253967018842e-09	5.845139408147207e-09	5.84520493749e-09
7.417253967018842e-09	7.417253967018842e-09	7.417253967019e-09
7.417253967018842e-09	9.412206034739451e-09	9.412114433248e-09
7.417253967018842e-09	1.1943722411866156e-08	1.19435004632e-08
7.417253967018842e-09	1.5156117973320886e-08	1.515570688216e-08
7.417253967018842e-09	1.9232522667556665e-08	1.923183129872e-08
7.417253967018842e-09	2.4405321257672484e-08	2.440420533424e-08
7.417253967018842e-09	3.096940094577146e-08	3.096762734742e-08
7.417253967018842e-09	3.929896209165579e-08	3.929614688704e-08
7.417253967018842e-09	4.986885035928572e-08	4.986435045421e-08
7.417253967018842e-09	6.328162637875014e-08	6.327434974737e-08
7.417253967018842e-09	8.030191609167633e-08	8.028999159062e-08
7.417253967018842e-09	1.019e-07	1.018802133813e-07
9.412206034739451e-09	0.0	3.308343966612e-13
9.412206034739451e-09	1.0190000000000002e-10	1.022282722691e-10
9.412206034739451e-09	1.293071262228114e-10	1.296347058187e-10
9.412206034739451e-09	1.6408570060846007e-10	1.644123990533e-10
9.412206034739451e-09	2.0821835524962216e-10	2.085439320418e-10
9.412206034739451e-09	2.642209729555356e-10	2.645451207624e-10
9.412206034739451e-09	3.352861108996612e-10	3.35608436267e-10
9.412206034739451e-09	4.254649996355057e-10	4.257849977e-10
9.412206034739451e-09	5.398984927503093e-10	5.402155138413e-10
9.412206034739451e-09	6.851101329692824e-10	6.85423338106e-10
9.412206034739451e-09	8.693780416132098e-10	8.69686342589e-10
9.412206034739451e-09	1.1032068318176635e-09	1.103508809569e-09
9.412206034739451e-09	1.399926448005043e-09	1.400220239893e-09
9.412206034739451e-09	1.7764520698217872e-09	1.776735211663e-09
9.412206034739451e-09	2.254248400600789e-09	2.254517601687e-09
9.412206034739451e-09	2.8605533118160644e-09	2.860804128989e-09
9.412206034739451e-09	3.6299306001774235e-09	3.630156957171e-09
9.412206034739451e-09	4.606240375831086e-09	4.606433841409e-09
9.412206034739451e-09	5.845139408147207e-09	5.845288091844e-09
9.412206034739451e-09	7.417253967018842e-09	7.417340798657e-09
9.412206034739451e-09	9.412206034739451e-09	9.412206034739e-09
9.412206034739451e-09	1.1943722411866156e-08	1.194359828256e-08
9.412206034739451e-09	1.5156117973320886e-08	1.515581285431e-08
9.412206034739451e-09	1.9232522667556665e-08	1.923194803229e-08
9.412206034739451e-09	2.4405321257672484e-08	2.440433637857e-08
9.412206034739451e-09	3.096940094577146e-08	3.096777757517e-08
9.412206034739451e-09	3.929896209165579e-08	3.929632304013e-08
9.412206034739451e-09	4.986885035928572e-08	4.986456191342e-08
9.412206034739451e-09	6.328162637875014e-08	6.327460958734e-08
9.412206034739451e-09	8.030191609167633e-08	8.029031795682e-08
9.412206034739451e-09	1.019e-07	1.018806311226e-07
1.1943722411866156e-08	0.0	4.198165234733e-13
1.1943722411866156e-08	1.0190000000000002e-10	1.023175316296e-10
1.1943722411866156e-08	1.293071262228114e-10	1.297240398119e-10
1.1943722411866156e-08	1.6408570060846007e-10	1.645018277936e-10
1.1943722411866156e-08	2.0821835524962216e-10	2.08633481079e-10
1.1943722411866156e-08	2.642209729555356e-10	2.646348225585e-10
1.1943722411866156e-08	3.352861108996612e-10	3.356983320804e-10
1.1943722411866156e-08	4.254649996355057e-10	4.258751399908e-10
1.1943722411866156e-08	5.398984927503093e-10	5.403059693483e-10
1.1943722411866156e-08	6.851101329692824e-10	6.855141917899e-10
1.1943722411866156e-08	8.693780416132098e-10	8.69777702699e-10
1.1943722411866156e-08	1.1032068318176635e-09	1.103600814173e-09
1.1943722411866156e-08	1.399926448005043e-09	1.400313065324e-09
1.1943722411866156e-08	1.7764520698217872e-09	1.776829083499e-09
1.1943722411866156e-08	2.254248400600789e-09	2.254612809102e-09
1.1943722411866156e-08	2.8605533118160644e-09	2.860901043622e-09
1.1943722411866156e-08	3.6299306001774235e-09	3.630256058148e-09
1.1943722411866156e-08	4.606240375831086e-09	4.606535748784e-09
1.1943722411866156e-08	5.845139408147207e-09	5.845393611754e-09
1.1943722411866156e-08	7.417253967018842e-09	7.417450984917e-09
1.1943722411866156e-08	9.412206034739451e-09	9.412322273781e-09
1.1943722411866156e-08	1.1943722411866156e-08	1.194372241187e-08
1.1943722411866156e-08	1.5156117973320886e-08	1.515594732924e-08
1.1943722411866156e-08	1.9232522667556665e-08	1.923209616309e-08
1.1943722411866156e-08	2.4405321257672484e-08	2.440450266926e-08
1.1943722411866156e-08	3.096940094577146e-08	3.096796820897e-08
1.1943722411866156e-08	3.929896209165579e-08	3.92965465724e-08
1.1943722411866156e-08	4.986885035928572e-08	4.986483024787e-08
1.1943722411866156e-08	6.328162637875014e-08	6.327493931556e-08
1.1943722411866156e-08	8.030191609167633e-08	8.029073210473e-08
1.1943722411866156e-08	1.019e-07	1.018811612226e-07
1.5156117973320886e-08	0.0	5.327317236487e-13
1.5156117973320886e-08	1.0190000000000002e-10	1.024307986301e-10
1.5156117973320886e-08	1.293071262228114e-10	1.298374015187e-10
1.5156117973320886e-08	1.6408570060846007e-10	1.646153097315e-10
1.5156117973320886e-08	2.0821835524962216e-10	2.087471156696e-10
1.5156117973320886e-08	2.642209729555356e-10	2.647486509952e-10
1.5156117973320886e-08	3.352861108996612e-10	3.358124067185e-10
1.5156117973320886e-08	4.254649996355057e-10	4.259895274006e-10
1.5156117973320886e-08	5.398984927503093e-10	5.40420754219e-10
1.5156117973320886e-08	6.851101329692824e-10	6.856294819339e-10
1.5156117973320886e-08	8.693780416132098e-10	8.698936354811e-10
1.5156117973320886e-08	1.1032068318176635e-09	1.103717564796e-09
1.5156117973320886e-08	1.399926448005043e-09	1.40043085755e-09
1.5156117973320886e-08	1.7764520698217872e-09	1.776948203579e-09
1.5156117973320886e-08	2.254248400600789e-09	2.254733623987e-09
1.5156117973320886e-08	2.8605533118160644e-09	2.861024024911e-09
1.5156117973320886e-08	3.6299306001774235e-09	3.630381813834e-09
1.5156117973320886e-08	4.606240375831086e-09	4.606665065697e-09
1.5156117973320886e-08	5.845139408147207e-09	5.845527512857e-09
1.5156117973320886e-08	7.417253967018842e-09	7.417590807464e-09
1.5156117973320886e-08	9.412206034739451e-09	9.41246977711e-09
1.5156117973320886e-08	1.1943722411866156e-08	1.194387992769e-08
1.5156117973320886e-08	1.5156117973320886e-08	1.515611797332e-08
1.5156117973320886e-08	1.9232522667556665e-08	1.923228413604e-08
1.5156117973320886e-08	2.4405321257672484e-08	2.440471368652e-08
1.5156117973320886e-08	3.096940094577146e-08	3.096821011691e-08
1.5156117973320886e-08	3.929896209165579e-08	3.929683022747e-08
1.5156117973320886e-08	4.986885035928572e-08	4.986517075559e-08
1.5156117973320886e-08	6.328162637875014e-08	6.327535772995e-08
1.5156117973320886e-08	8.030191609167633e-08	8.029125764543e-08
1.5156117973320886e-08	1.019e-07	1.018818339031e-07
1.9232522667556665e-08	0.0	6.760172749786999e-13
1.9232522667556665e-08	1.0190000000000002e-10	1.025745306049e-10
1.9232522667556665e-08	1.293071262228114e-10	1.299812536728e-10
1.9232522667556665e-08	1.6408570060846007e-10	1.64759314455e-10
1.9232522667556665e-08	2.0821835524962216e-10	2.088913141045e-10
1.9232522667556665e-08	2.642209729555356e-10	2.648930954145e-10
1.9232522667556665e-08	3.352861108996612e-10	3.359571635597e-10
1.9232522667556665e-08	4.254649996355057e-10	4.26134681139e-10
1.9232522667556665e-08	5.398984927503093e-10	5.405664123228e-10
1.9232522667556665e-08	6.851101329692824e-10	6.857757812135e-10
1.9232522667556665e-08	8.693780416132098e-10	8.700407502478e-10
1.9232522667556665e-08	1.1032068318176635e-09	1.103865717377e-09
1.9232522667556665e-08	1.399926448005043e-09	1.400580331891e-09
1.9232522667556665e-08	1.7764520698217872e-09	1.777099362926e-09
1.9232522667556665e-08	2.254248400600789e-09	2.254886933988e-09
1.9232522667556665e-08	2.8605533118160644e-09	2.86118008401e-09
1.9232522667556665e-08	3.6299306001774235e-09	3.630541393556e-09
1.9232522667556665e-08	4.606240375831086e-09	4.606829164504e-09
1.9232522667556665e-08	5.845139408147207e-09	5.845697428857e-09
1.9232522667556665e-08	7.417253967018842e-09	7.417768237591e-09
1.9232522667556665e-08	9.412206034739451e-09	9.412656953913e-09
1.9232522667556665e-08	1.1943722411866156e-08	1.194407981003e-08
1.9232522667556665e-08	1.5156117973320886e-08	1.515633451503e-08
1.9232522667556665e-08	1.9232522667556665e-08	1.923252266756e-08
1.9232522667556665e-08	2.4405321257672484e-08	2.440498146058e-08
1.9232522667556665e-08	3.096940094577146e-08	3.09685170903e-08
1.9232522667556665e-08	3.929896209165579e-08	3.92971901768e-08
1.9232522667556665e-08	4.986885035928572e-08	4.986560284933e-08
1.9232522667556665e-08	6.328162637875014e-08	6.32758886852e-08
1.9232522667556665e-08	8.030191609167633e-08	8.029192454082e-08
1.9232522667556665e-08	1.019e-07	1.018826875154e-07
2.4405321257672484e-08	0.0	8.578419627726e-13
2.4405321257672484e-08	1.0190000000000002e-10	1.027569217907e-10
2.4405321257672484e-08	1.293071262228114e-10	1.301637973627e-10
2.4405321257672484e-08	1.6408570060846007e-10	1.649420517508e-10
2.4405321257672484e-08	2.0821835524962216e-10	2.090742972144e-10
2.4405321257672484e-08	2.642209729555356e-10	2.650763906714e-10
2.4405321257672484e-08	3.352861108996612e-10	3.361408552705e-10
2.4405321257672484e-08	4.254649996355057e-10	4.263188765008e-10
2.4405321257672484e-08	5.398984927503093e-10	5.407512477092e-10
2.4405321257672484e-08	6.851101329692824e-10	6.859614302329e-10
2.4405321257672484e-08	8.693780416132098e-10	8.702274340962e-10
2.4405321257672484e-08	1.1032068318176635e-09	1.104053718181e-09
2.4405321257672484e-08	1.399926448005043e-09	1.40077000997e-09
2.4405321257672484e-08	1.7764520698217872e-09	1.777291179227e-09
2.4405321257672484e-08	2.254248400600789e-09	2.255081479405e-09
2.4405321257672484e-08	2.8605533118160644e-09	2.861378117952e-09
2.4405321257672484e-08	3.6299306001774235e-09	3.630743895065e-09
2.4405321257672484e-08	4.606240375831086e-09	4.6070374006e-09
2.4405321257672484e-08	5.845139408147207e-09	5.8459130468e-09
2.4405321257672484e-08	7.417253967018842e-09	7.417993390745e-09
2.4405321257672484e-08	9.412206034739451e-09	9.412894475318e-09
2.4405321257672484e-08	1.1943722411866156e-08	1.194433345441e-08
2.4405321257672484e-08	1.5156117973320886e-08	1.515660929967e-08
2.4405321257672484e-08	1.9232522667556665e-08	1.923282535665e-08
2.4405321257672484e-08	2.4405321257672484e-08	2.440532125767e-08
2.4405321257672484e-08	3.096940094577146e-08	3.096890663031e-08
2.4405321257672484e-08	3.929896209165579e-08	3.929764694186e-08
2.4405321257672484e-08	4.986885035928572e-08	4.986615116387e-08
2.4405321257672484e-08	6.328162637875014e-08	6.327656245258e-08
2.4405321257672484e-08	8.030191609167633e-08	8.029277081317e-08
2.4405321257672484e-08	1.019e-07	1.018837707268e-07
3.096940094577146e-08	0.0	1.088571867697e-12
3.096940094577146e-08	1.0190000000000002e-10	1.029883705662e-10
3.096940094577146e-08	1.293071262228114e-10	1.303954396616e-10
3.096940094577146e-08	1.6408570060846007e-10	1.651739397303e-10
3.096940094577146e-08	2.0821835524962216e-10	2.093064971254e-10
3.096940094577146e-08	2.642209729555356e-10	2.653089866882e-10
3.096940094577146e-08	3.352861108996612e-10	3.363739543767e-10
3.096940094577146e-08	4.254649996355057e-10	4.265526147262e-10
3.096940094577146e-08	5.398984927503093e-10	5.409857981083e-10
3.096940094577146e-08	6.851101329692824e-10	6.861970131103e-10
3.096940094577146e-08	8.693780416132098e-10	8.704643301435e-10
3.096940094577146e-08	1.1032068318176635e-09	1.104292285409e-09
3.096940094577146e-08	1.399926448005043e-09	1.401010705614e-09
3.096940094577146e-08	1.7764520698217872e-09	1.777534588217e-09
3.096940094577146e-08	2.254248400600789e-09	2.255328351569e-09
3.096940094577146e-08	2.8605533118160644e-09	2.861629416961e-09
3.096940094577146e-08	3.6299306001774235e-09	3.631000863296e-09
3.096940094577146e-08	4.606240375831086e-09	4.607301645869e-09
3.096940094577146e-08	5.845139408147207e-09	5.846186659439e-09
3.096940094577146e-08	7.417253967018842e-09	7.418279103315e-09
3.096940094577146e-08	9.412206034739451e-09	9.413195882875e-09
3.096940094577146e-08	1.1943722411866156e-08	1.194465532161e-08
3.096940094577146e-08	1.5156117973320886e-08	1.515695799332e-08
3.096940094577146e-08	1.9232522667556665e-08	1.923320946036e-08
3.096940094577146e-08	2.4405321257672484e-08	2.440575245054e-08
3.096940094577146e-08	3.096940094577146e-08	3.096940094577e-08
3.096940094577146e-08	3.929896209165579e-08	3.92982265644e-08
3.096940094577146e-08	4.986885035928572e-08	4.986684696069e-08
3.096940094577146e-08	6.328162637875014e-08	6.327741744654e-08
3.096940094577146e-08	8.030191609167633e-08	8.02938447126e-08
3.096940094577146e-08	1.019e-07	1.018851452978e-07
3.929896209165579e-08	0.0	1.381361481109e-12
3.929896209165579e-08	1.0190000000000002e-10	1.03282072409e-10
3.929896209165579e-08	1.293071262228114e-10	1.306893870809e-10
3.929896209165579e-08	1.6408570060846007e-10	1.654681989125e-10
3.929896209165579e-08	2.0821835524962216e-10	2.096011521409e-10
3.929896209165579e-08	2.642209729555356e-10	2.656041443527e-10
3.929896209165579e-08	3.352861108996612e-10	3.366697504494e-10
3.929896209165579e-08	4.254649996355057e-10	4.268492218256e-10
3.929896209165579e-08	5.398984927503093e-10	5.412834358368e-10
3.929896209165579e-08	6.851101329692824e-10	6.864959610287e-10
3.929896209165579e-08	8.693780416132098e-10	8.70764944443e-10
3.929896209165579e-08	1.1032068318176635e-09	1.104595020397e-09
3.929896209165579e-08	1.399926448005043e-09	1.401316141512e-09
3.929896209165579e-08	1.7764520698217872e-09	1.777843467285e-09
3.929896209165579e-08	2.254248400600789e-09	2.255641625324e-09
3.929896209165579e-08	2.8605533118160644e-09	2.861948308276e-09
3.929896209165579e-08	3.6299306001774235e-09	3.63132694872e-09
3.929896209165579e-08	4.606240375831086e-09	4.607636965684e-09
3.929896209165579e-08	5.845139408147207e-09	5.846533866229e-09
3.929896209165579e-08	7.417253967018842e-09	7.418641664641e-09
3.929896209165579e-08	9.412206034739451e-09	9.413578360786e-09
3.929896209165579e-08	1.1943722411866156e-08	1.194506376235e-08
3.929896209165579e-08	1.5156117973320886e-08	1.515740047625e-08
3.929896209165579e-08	1.9232522667556665e-08	1.923369687792e-08
3.929896209165579e-08	2.4405321257672484e-08	2.440629962328e-08
3.929896209165579e-08	3.096940094577146e-08	3.097002821987e-08
3.929896209165579e-08	3.929896209165579e-08	3.929896209166e-08
3.929896209165579e-08	4.986885035928572e-08	4.986772991117e-08
3.929896209165579e-08	6.328162637875014e-08	6.327850241569e-08
3.929896209165579e-08	8.030191609167633e-08	8.029520746979e-08
3.929896209165579e-08	1.019e-07	1.018868896033e-07
4.986885035928572e-08	0.0	1.752903885825e-12
4.986885035928572e-08	1.0190000000000002e-10	1.036547724143e-10
4.986885035928572e-08	1.293071262228114e-10	1.31062398718e-10
4.986885035928572e-08	1.6408570060846007e-10	1.658416061702e-10
4.986885035928572e-08	2.0821835524962216e-10	2.099750617032e-10
4.986885035928572e-08	2.642209729555356e-10	2.659786917663e-10
4.986885035928572e-08	3.352861108996612e-10	3.370451079902e-10
4.986885035928572e-08	4.254649996355057e-10	4.272256085433e-10
4.986885035928572e-08	5.398984927503093e-10	5.416611304019e-10
4.986885035928572e-08	6.851101329692824e-10	6.868753181987e-10
4.986885035928572e-08	8.693780416132098e-10	8.711464162171e-10
4.986885035928572e-08	1.1032068318176635e-09	1.104979183282e-09
4.986885035928572e-08	1.399926448005043e-09	1.401703731797e-09
4.986885035928572e-08	1.7764520698217872e-09	1.778235426887e-09
4.986885035928572e-08	2.254248400600789e-09	2.256039161695e-09
4.986885035928572e-08	2.8605533118160644e-09	2.862352973222e-09
4.986885035928572e-08	3.6299306001774235e-09	3.631740742852e-09
4.986885035928572e-08	4.606240375831086e-09	4.60806247808e-09
4.986885035928572e-08	5.845139408147207e-09	5.846974462972e-09
4.986885035928572e-08	7.417253967018842e-09	7.419101746005e-09
4.986885035928572e-08	9.412206034739451e-09	9.414063715936e-09
4.986885035928572e-08	1.1943722411866156e-08	1.194558206387e-08
4.986885035928572e-08	1.5156117973320886e-08	1.515796197673e-08
4.986885035928572e-08	1.9232522667556665e-08	1.923431539972e-08
4.986885035928572e-08	2.4405321257672484e-08	2.44069939735e-08
4.986885035928572e-08	3.096940094577146e-08	3.097082421761e-08
4.986885035928572e-08	3.929896209165579e-08	3.92998954613e-08
4.986885035928572e-08	4.986885035928572e-08	4.986885035929e-08
4.986885035928572e-08	6.328162637875014e-08	6.327987922371e-08
4.986885035928572e-08	8.030191609167633e-08	8.029693678876e-08
4.986885035928572e-08	1.019e-07	1.018891031051e-07
6.328162637875014e-08	0.0	2.224382832626e-12
6.328162637875014e-08	1.0190000000000002e-10	1.041277203388e-10
6.328162637875014e-08	1.293071262228114e-10	1.315357420984e-10
6.328162637875014e-08	1.6408570060846007e-10	1.663154515874e-10
6.328162637875014e-08	2.0821835524962216e-10	2.104495445372e-10
6.328162637875014e-08	2.642209729555356e-10	2.664539840241e-10
6.328162637875014e-08	3.352861108996612e-10	3.375214282872e-10
6.328162637875014e-08	4.254649996355057e-10	4.277032348501e-10
6.328162637875014e-08	5.398984927503093e-10	5.421404163476e-10
6.328162637875014e-08	6.851101329692824e-10	6.873567139649e-10
6.328162637875014e-08	8.693780416132098e-10	8.716304953846e-10
6.328162637875014e-08	1.1032068318176635e-09	1.10546667743e-09
6.328162637875014e-08	1.399926448005043e-09	1.402195575266e-09
6.328162637875014e-08	1.7764520698217872e-09	1.778732814952e-09
6.328162637875014e-08	2.254248400600789e-09	2.256543626602e-09
6.328162637875014e-08	2.8605533118160644e-09	2.862866484186e-09
6.328162637875014e-08	3.6299306001774235e-09	3.632265838625e-09
6.328162637875014e-08	4.606240375831086e-09	4.608602444169e-09
6.328162637875014e-08	5.845139408147207e-09	5.847533570892e-09
6.328162637875014e-08	7.417253967018842e-09	7.419685579654e-09
6.328162637875014e-08	9.412206034739451e-09	9.414679621703e-09
6.328162637875014e-08	1.1943722411866156e-08	1.19462397782e-08
6.328162637875014e-08	1.5156117973320886e-08	1.515867451007e-08
6.328162637875014e-08	1.9232522667556665e-08	1.923510029254e-08
6.328162637875014e-08	2.4405321257672484e-08	2.440787509193e-08
6.328162637875014e-08	3.096940094577146e-08	3.097183432601e-08
6.328162637875014e-08	3.929896209165579e-08	3.93010798939e-08
6.328162637875014e-08	4.986885035928572e-08	4.987027219387e-08
6.328162637875014e-08	6.328162637875014e-08	6.328162637875e-08
6.328162637875014e-08	8.030191609167633e-08	8.029913128069e-08
6.328162637875014e-08	1.019e-07	1.018919120264e-07
8.030191609167633e-08	0.0	2.822681091697e-12
8.030191609167633e-08	1.0190000000000002e-10	1.047278827177e-10
8.030191609167633e-08	1.293071262228114e-10	1.321364063075e-10
8.030191609167633e-08	1.6408570060846007e-10	1.669167528767e-10
8.030191609167633e-08	2.0821835524962216e-10	2.110516547031e-10
8.030191609167633e-08	2.642209729555356e-10	2.670571213417e-10
8.030191609167633e-08	3.352861108996612e-10	3.381258701777e-10
8.030191609167633e-08	4.254649996355057e-10	4.283093340559e-10
8.030191609167633e-08	5.398984927503093e-10	5.427486216209e-10
8.030191609167633e-08	6.851101329692824e-10	6.879675965827e-10
8.030191609167633e-08	8.693780416132098e-10	8.722447832159e-10
8.030191609167633e-08	1.1032068318176635e-09	1.106085298843e-09
8.030191609167633e-08	1.399926448005043e-09	1.40281971593e-09
8.030191609167633e-08	1.7764520698217872e-09	1.779363991667e-09
8.030191609167633e-08	2.254248400600789e-09	2.257183783771e-09
8.030191609167633e-08	2.8605533118160644e-09	2.863518120734e-09
8.030191609167633e-08	3.6299306001774235e-09	3.632932176208e-09
8.030191609167633e-08	4.606240375831086e-09	4.609287652077e-09
8.030191609167633e-08	5.845139408147207e-09	5.848243069657e-09
8.030191609167633e-08	7.417253967018842e-09	7.420426455219e-09
8.030191609167633e-08	9.412206034739451e-09	9.415461196612e-09
8.030191609167633e-08	1.1943722411866156e-08	1.194707440797e-08
8.030191609167633e-08	1.5156117973320886e-08	1.515957870497e-08
8.030191609167633e-08	1.9232522667556665e-08	1.923609631147e-08
8.030191609167633e-08	2.4405321257672484e-08	2.440899322111e-08
8.030191609167633e-08	3.096940094577146e-08	3.097311614365e-08
8.030191609167633e-08	3.929896209165579e-08	3.930258292961e-08
8.030191609167633e-08	4.986885035928572e-08	4.98720764942e-08
8.030191609167633e-08	6.328162637875014e-08	6.328384351377e-08
8.030191609167633e-08	8.030191609167633e-08	8.030191609168e-08
8.030191609167633e-08	1.019e-07	1.018954765573e-07
1.019e-07	0.0	3.58191413118e-12
1.019e-07	1.0190000000000002e-10	1.054894813243e-10
1.019e-07	1.293071262228114e-10	1.328986417362e-10
1.019e-07	1.6408570060846007e-10	1.676797967599e-10
1.019e-07	2.0821835524962216e-10	2.118157250503e-10
1.019e-07	2.642209729555356e-10	2.678224951439e-10
1.019e-07	3.352861108996612e-10	3.388928994824e-10
1.019e-07	4.254649996355057e-10	4.29078466493e-10
1.019e-07	5.398984927503093e-10	5.43520426657e-10
1.019e-07	6.851101329692824e-10	6.887427991682e-10
1.019e-07	8.693780416132098e-10	8.730243070168e-10
1.019e-07	1.1032068318176635e-09	1.106870321959e-09
1.019e-07	1.399926448005043e-09	1.403611742977e-09
1.019e-07	1.7764520698217872e-09	1.780164947461e-09
1.019e-07	2.254248400600789e-09	2.257996135766e-09
1.019e-07	2.8605533118160644e-09	2.864345040069e-09
1.019e-07	3.6299306001774235e-09	3.633777751172e-09
1.019e-07	4.606240375831086e-09	4.610157173513e-09
1.019e-07	5.845139408147207e-09	5.849143416241e-09
1.019e-07	7.417253967018842e-09	7.421366619048e-09
1.019e-07	9.412206034739451e-09	9.416453008056e-09
1.019e-07	1.1943722411866156e-08	1.19481335463e-08
1.019e-07	1.5156117973320886e-08	1.516072612187e-08
1.019e-07	1.9232522667556665e-08	1.923736025378e-08
1.019e-07	2.4405321257672484e-08	2.441041212252e-08
1.019e-07	3.096940094577146e-08	3.097474276772e-08
1.019e-07	3.929896209165579e-08	3.930449028277e-08
1.019e-07	4.986885035928572e-08	4.987436615778e-08
1.019e-07	6.328162637875014e-08	6.328665707374e-08
1.019e-07	8.030191609167633e-08	8.030545004718e-08
1.019e-07	1.019e-07	1.019e-07
