U(6)	U(6)_prev	U(6)_new
0.0	0.0	0.000000000000e+00
0.0	1e-13	7.600681883055e-14
0.0	3.162277660168379e-13	2.403549895611e-13
0.0	1e-12	7.600689942872e-13
0.0	3.1622776601683794e-12	2.403571525418e-12
0.0	1e-11	7.600716797891e-12
0.0	3.1622776601683794e-11	2.403473349932e-11
0.0	1e-10	7.600141151939e-11
0.0	3.1622776601683795e-10	2.402936096557e-10
0.0	1e-09	7.594351372535e-10
0.0	3.1622776601683795e-09	2.397214027069e-09
0.0	1e-08	7.537842939026e-09
0.0	3.162277660168379e-08	2.342736333119e-08
1e-13	0.0	2.399219475865e-14
1e-13	1e-13	1.000000065020e-13
1e-13	3.162277660168379e-13	2.643499693578e-13
1e-13	1e-12	7.840696872210e-13
1e-13	3.1622776601683794e-12	2.427564118021e-12
1e-13	1e-11	7.624709544054e-12
1e-13	3.1622776601683794e-11	2.405893933832e-11
1e-13	1e-10	7.602540921997e-11
1e-13	3.1622776601683795e-10	2.403178630792e-10
1e-13	1e-09	7.594622482014e-10
1e-13	3.1622776601683795e-09	2.397238192399e-09
1e-13	1e-08	7.537870857337e-09
1e-13	3.162277660168379e-08	2.342738896583e-08
3.162277660168379e-13	0.0	7.586912550825e-14
3.162277660168379e-13	1e-13	1.518754022536e-13
3.162277660168379e-13	3.162277660168379e-13	3.162278040332e-13
3.162277660168379e-13	1e-12	8.359355469428e-13
3.162277660168379e-13	3.1622776601683794e-12	2.479422867579e-12
3.162277660168379e-13	1e-11	7.676522987281e-12
3.162277660168379e-13	3.1622776601683794e-11	2.411055511937e-11
3.162277660168379e-13	1e-10	7.607729892206e-11
3.162277660168379e-13	3.1622776601683795e-10	2.403686363339e-10
3.162277660168379e-13	1e-09	7.595101975175e-10
3.162277660168379e-13	3.1622776601683795e-09	2.397290444420e-09
3.162277660168379e-13	1e-08	7.537919276019e-09
3.162277660168379e-13	3.162277660168379e-08	2.342744403553e-08
1e-12	0.0	2.399220121194e-13
1e-12	1e-13	3.159298734246e-13
1e-12	3.162277660168379e-13	4.802799434468e-13
1e-12	1e-12	1.000000000000e-12
1e-12	3.1622776601683794e-12	2.643495278952e-12
1e-12	1e-11	7.840644318768e-12
1e-12	3.1622776601683794e-11	2.427497777314e-11
1e-12	1e-10	7.624138859681e-11
1e-12	3.1622776601683795e-10	2.405339495287e-10
1e-12	1e-09	7.596794436944e-10
1e-12	3.1622776601683795e-09	2.397455679883e-09
1e-12	1e-08	7.538091649758e-09
1e-12	3.162277660168379e-08	2.342761967794e-08
3.1622776601683794e-12	0.0	7.587006279139e-13
3.1622776601683794e-12	1e-13	8.347086082929e-13
3.1622776601683794e-12	3.162277660168379e-13	9.990589357856e-13
3.1622776601683794e-12	1e-12	1.518779806531e-12
3.1622776601683794e-12	3.1622776601683794e-12	3.162277660169e-12
3.1622776601683794e-12	1e-11	8.359434839722e-12
3.1622776601683794e-12	3.1622776601683794e-11	2.479389523584e-11
3.1622776601683794e-12	1e-10	7.676028625607e-11
3.1622776601683794e-12	3.1622776601683795e-10	2.410531044813e-10
3.1622776601683794e-12	1e-09	7.601998517554e-10
3.1622776601683794e-12	3.1622776601683795e-09	2.397978201016e-09
3.1622776601683794e-12	1e-08	7.538622110136e-09
3.1622776601683794e-12	3.162277660168379e-08	2.342817397354e-08
1e-11	0.0	2.399228134468e-12
1e-11	1e-13	2.475236491391e-12
1e-11	3.162277660168379e-13	2.639587633077e-12
1e-11	1e-12	3.159311078523e-12
1e-11	3.1622776601683794e-12	4.802817074034e-12
1e-11	1e-11	1.000000000000e-11
1e-11	3.1622776601683794e-11	2.643454189779e-11
1e-11	1e-10	7.840119023450e-11
1e-11	3.1622776601683795e-10	2.426948219728e-10
1e-11	1e-09	7.618441374930e-10
1e-11	3.1622776601683795e-09	2.399630563401e-09
1e-11	1e-08	7.540299579359e-09
1e-11	3.162277660168379e-08	2.342992680339e-08
3.1622776601683794e-11	0.0	7.587086411896e-12
3.1622776601683794e-11	1e-13	7.663095959558e-12
3.1622776601683794e-11	3.162277660168379e-13	7.827449675951e-12
3.1622776601683794e-11	1e-12	8.347181263316e-12
3.1622776601683794e-11	3.1622776601683794e-12	9.990713005700e-12
3.1622776601683794e-11	1e-11	1.518797734900e-11
3.1622776601683794e-11	3.1622776601683794e-11	3.162277660168e-11
3.1622776601683794e-11	1e-10	8.359023902053e-11
3.1622776601683794e-11	3.1622776601683795e-10	2.478864439292e-10
3.1622776601683794e-11	1e-09	7.670438800282e-10
3.1622776601683794e-11	3.1622776601683795e-09	2.404855847110e-09
3.1622776601683794e-11	1e-08	7.545604257629e-09
3.1622776601683794e-11	3.162277660168379e-08	2.343546980296e-08
1e-10	0.0	2.399308267285e-11
1e-10	1e-13	2.406909598596e-11
1e-10	3.162277660168379e-13	2.423345784430e-11
1e-10	1e-12	2.475321517870e-11
1e-10	3.1622776601683794e-12	2.639682833992e-11
1e-10	1e-11	3.159435014769e-11
1e-10	3.1622776601683794e-11	4.802971850720e-11
1e-10	1e-10	1.000000000000e-10
1e-10	3.1622776601683795e-10	2.643043397451e-10
1e-10	1e-09	7.834867464593e-10
1e-10	3.1622776601683795e-09	2.421380192057e-09
1e-10	1e-08	7.562379672341e-09
1e-10	3.162277660168379e-08	2.345299885461e-08
3.1622776601683795e-10	0.0	7.587887741954e-11
3.1622776601683795e-10	1e-13	7.595490264008e-11
3.1622776601683795e-10	3.162277660168379e-13	7.611929024558e-11
3.1622776601683795e-10	1e-12	7.663912899953e-11
3.1622776601683795e-10	3.1622776601683794e-12	7.828299963052e-11
3.1622776601683795e-10	1e-11	8.348133561497e-11
3.1622776601683795e-10	3.1622776601683794e-11	9.991952350728e-11
3.1622776601683795e-10	1e-10	1.518976998727e-10
3.1622776601683795e-10	3.1622776601683795e-10	3.162277660168e-10
3.1622776601683795e-10	1e-09	8.354920964392e-10
3.1622776601683795e-10	3.1622776601683795e-09	2.473640240028e-09
3.1622776601683795e-10	1e-08	7.615433669296e-09
3.1622776601683795e-10	3.162277660168379e-08	2.350843606718e-08
1e-09	0.0	2.400109603298e-10
1e-09	1e-13	2.400870232053e-10
1e-09	3.162277660168379e-13	2.402514922313e-10
1e-09	1e-12	2.407715884589e-10
1e-09	3.1622776601683794e-12	2.424162732887e-10
1e-09	1e-11	2.476171839510e-10
1e-09	3.1622776601683794e-11	2.640635132394e-10
1e-09	1e-10	3.160674304624e-10
1e-09	3.1622776601683795e-10	4.804788514054e-10
1e-09	1e-09	1.000000000000e-09
1e-09	3.1622776601683795e-09	2.638955825884e-09
1e-09	1e-08	7.783259961030e-09
1e-09	3.162277660168379e-08	2.368379870529e-08
3.1622776601683795e-09	0.0	7.595901288249e-10
3.1622776601683795e-09	1e-13	7.596656872247e-10
3.1622776601683795e-09	3.162277660168379e-13	7.598309418545e-10
3.1622776601683795e-09	1e-12	7.603519477430e-10
3.1622776601683795e-09	3.1622776601683794e-12	7.619992073730e-10
3.1622776601683795e-09	1e-11	7.672082601265e-10
3.1622776601683795e-09	3.1622776601683794e-11	7.836777231441e-10
3.1622776601683795e-09	1e-10	8.357656549487e-10
3.1622776601683795e-09	3.1622776601683795e-10	1.000434349998e-09
3.1622776601683795e-09	1e-09	1.520764834314e-09
3.1622776601683795e-09	3.1622776601683795e-09	3.162277660168e-09
3.1622776601683795e-09	1e-08	8.314520004977e-09
3.1622776601683795e-09	3.162277660168379e-08	2.423889204226e-08
1e-08	0.0	2.408123569409e-09
1e-08	1e-13	2.408198305743e-09
1e-08	3.162277660168379e-13	2.408364381046e-09
1e-08	1e-12	2.408888000974e-09
1e-08	3.1622776601683794e-12	2.410544704988e-09
1e-08	1e-11	2.415779507574e-09
1e-08	3.1622776601683794e-11	2.432328912561e-09
1e-08	1e-10	2.484675764991e-09
1e-08	3.1622776601683795e-10	2.650158103182e-09
1e-08	1e-09	3.173055670861e-09
1e-08	3.1622776601683795e-09	4.822647526766e-09
1e-08	1e-08	1.000000000168e-08
1e-08	3.162277660168379e-08	2.599973072305e-08
3.162277660168379e-08	0.0	7.676052334535e-09
3.162277660168379e-08	1e-13	7.676128228397e-09
3.162277660168379e-08	3.162277660168379e-13	7.676296891839e-09
3.162277660168379e-08	1e-12	7.676828655633e-09
3.162277660168379e-08	3.1622776601683794e-12	7.678512008406e-09
3.162277660168379e-08	1e-11	7.683828010716e-09
3.162277660168379e-08	3.1622776601683794e-11	7.700634238933e-09
3.162277660168379e-08	1e-10	7.753799980656e-09
3.162277660168379e-08	3.1622776601683795e-10	7.921851578448e-09
3.162277660168379e-08	1e-09	8.452872615200e-09
3.162277660168379e-08	3.1622776601683795e-09	1.012801524973e-08
3.162277660168379e-08	1e-08	1.538476936702e-08
3.162277660168379e-08	3.162277660168379e-08	3.162277660168e-08
